1 1 156531 1 4 0.13333334
2 2 245282 2 6 0.2
3 3 198951 3 9 0.26666668
4 2 128591 2 7 0.2
5 3 258830 3 10 0.26666668
6 2 95729 2 6 0.2
7 3 231410 3 9 0.26666668
8 4 255019 4 12 0.33333334
9 5 272586 5 13 0.4
10 6 221412 6 15 0.46666667
11 1 80722 1 4 0.13333334
12 8 690158 8 29 0.4
13 7 338326 7 18 0.53333336
14 4 167514 4 9 0.33333334
15 1 59382 1 4 0.13333334
16 4 217352 4 12 0.33333334
17 9 434153 9 22 0.6666667
18 8 457588 8 23 0.46666667
19 1 55927 1 4 0.13333334
20 58 271903464 61 3166 0.8666667
21 7 533234 7 21 0.33333334
22 6 129890 6 18 0.46666667
23 7 101909 7 18 0.46666667
24 16 5048773 30 459 0.73333335
25 13 350651 13 52 0.6
26 8 9904530 22 734 0.4
27 17 1650447 21 292 0.6
28 34 10829803 34 614 0.53333336
29 13 215467 13 42 0.6666667
30 58 22384588 58 1100 0.53333336
31 9 368791 9 40 0.6
32 72 665612779 80 5101 0.53333336
33 59 17428626 59 1025 0.73333335
34 16 743300 27 169 0.73333335
35 55 228787511 59 4255 0.73333335
36 32 25274330 35 1059 0.46666667
37 11 62584 11 26 0.8
39 81 930160181 95 6075 0.8666667
41 5 203692 5 12 0.4
42 78 104087519 78 2109 0.8
43 91 266644862 94 3283 0.6
44 98 1203231977 98 5102 0.8666667
45 9 130204 9 23 0.6666667
46 26 64024662 47 1694 0.6666667
47 57 48261312 64 1822 1.0
48 84 1191071953 114 6512 0.8
49 97 37847173 97 1863 0.8
50 72 59836691 72 2031 0.6666667
51 77 326381789 79 4454 0.73333335
52 78 106402461 78 2224 0.6666667
53 57 42311975 57 1274 1.0
54 130 42851998960 130 30492 0.8
55 111 351560846 111 5161 0.8666667
56 80 2462291469 94 9759 0.46666667
57 11 4523352 27 446 0.6
58 140 72276680645 140 37606 0.6
59 75 135087830 84 3353 0.93333334
60 34 31446378 47 1328 0.6666667
60 6 173353 6 16 0.46666667
61 175 705302480 175 6442 0.8666667
62 28 30131077 35 1437 0.8
63 69 171324201 72 3613 0.8
64 22 4223730 24 386 0.4
65 71 188284602 71 4189 0.8
66 76 96542480 76 2858 0.8
67 77 127007341 81 3204 0.93333334
68 80 64432766 80 1976 0.73333335
69 129 12389358344 132 17325 1.0
70 42 9403877 42 863 0.6666667
