1 1 144152 1 4 0.13333334
2 2 216069 2 6 0.2
3 1 71952 1 4 0.13333334
4 4 271238 4 9 0.33333334
5 3 223327 3 10 0.26666668
6 2 100319 2 6 0.2
7 3 174582 3 9 0.26666668
8 6 324493 6 18 0.46666667
9 1 55700 1 4 0.13333334
10 4 536395 4 10 0.2
11 3 270722 3 10 0.26666668
12 8 785039 8 28 0.46666667
13 11 940438 11 31 0.46666667
14 4 251154 4 12 0.33333334
15 7 384483 7 17 0.53333336
16 6 597115 6 24 0.4
17 3 182681 3 10 0.26666668
18 8 375736 8 18 0.6
19 11 2764627 17 75 0.53333336
20 8 1515864 8 39 0.46666667
21 5 464644 5 14 0.4
22 0 15528851677 152 19940 0.53333336
23 29 9209700 36 507 1.0666667
24 12 183250 12 28 0.8666667
25 9 1735218 24 218 0.6
26 12 4305745 30 447 0.6666667
27 9 50484 9 20 0.6666667
28 10 56218 10 25 0.73333335
29 25 10325587 29 798 0.6666667
30 2 112799 2 6 0.2
31 123 253366768 123 3460 0.8666667
32 82 105674072 89 2396 0.6
33 49 302286857 55 3845 1.0
34 6 51961 6 17 0.33333334
35 79 2570615763 94 8411 0.8
36 12 46973 12 24 0.73333335
37 0 13927396205 72 20058 0.8666667
38 10 77109 10 24 0.73333335
39 47 57152713 47 1824 0.73333335
40 26 303422854 31 3983 0.53333336
