1 1 912069 1 6 0.13333334
2 2 1178235 2 20 0.13333334
3 1 116930 1 6 0.13333334
4 2 260558 2 12 0.13333334
5 1 131687 1 6 0.13333334
6 4 791242 4 29 0.15
7 3 743684 3 27 0.13333334
8 4 628203 4 29 0.13333334
9 3 248885 3 14 0.13333334
10 4 598997 4 31 0.15
11 5 2923069 5 36 0.15
12 4 694691 4 26 0.13333334
13 9 885534 9 45 0.28333333
14 2 291560 2 20 0.13333334
15 5 552563 5 26 0.13333334
16 6 597079 6 28 0.15
17 9 797975 9 40 0.2
18 14 2323041 14 98 0.28333333
19 13 1166318 13 52 0.38333333
20 6 511351 6 28 0.2
21 7 2443219 7 31 0.2
22 10 662408 10 86 0.2
23 39 1322505358 67 7208 0.31666666
24 38 227518379 62 3905 0.3
26 40 87012342 59 2413 0.26666668
27 7 76819 7 28 0.15
30 10 143501 10 41 0.21666667
31 51 1052026232 73 6745 0.28333333
32 6 213541 6 40 0.2
33 37 1525572880 96 8555 0.28333333
34 10 194376 10 73 0.28333333
35 5 86315 5 35 0.2
36 26 1157607968 83 7222 0.36666667
37 59 787751543 81 6549 0.3
39 9 140189 9 37 0.21666667
40 32 1262516482 74 7545 0.26666668
42 58 8201308695 88 13792 0.3
43 109 5681796358 127 11425 0.28333333
44 36 1168232319 71 5733 0.23333333
45 13 852363 13 105 0.26666668
46 12 355180 12 71 0.26666668
47 13 258291 13 61 0.3
48 58 1708072370 82 7240 0.28333333
49 7 93019 7 40 0.15
51 137 5865465705 153 13141 0.51666665
53 27 91656289 49 2446 0.23333333
54 104 3497575756 122 11444 0.23333333
55 11 249306 11 58 0.28333333
56 18 207482 18 85 0.35
57 157 7184390130 203 14987 0.4
58 46 654706832 73 6622 0.4
59 141 8361867650 169 15905 0.46666667
60 80 4670449430 113 12874 0.31666666
61 13 846057 13 65 0.21666667
62 14 229885 14 72 0.28333333
63 49 460282389 71 5186 0.38333333
64 62 12375737712 104 17129 0.38333333
65 109 8697244149 142 16002 0.41666666
66 6 123416 6 42 0.2
67 89 3464942035 113 11265 0.4
68 80 2338137901 126 9807 0.35
69 75 4639266153 117 13028 0.35
70 196 6720636233 236 13727 0.5
