1 1 1116343 1 9 0.13333334
2 2 568728 2 12 0.13333334
3 3 792648 3 26 0.13333334
4 4 647334 4 23 0.13333334
5 1 111636 1 6 0.13333334
6 2 262628 2 12 0.13333334
7 5 605508 5 32 0.13333334
8 8 668853 8 33 0.26666668
9 5 609388 5 36 0.15
10 4 2337969 4 28 0.13333334
11 11 4977530 11 138 0.26666668
12 6 1113880 6 85 0.18333334
13 7 242657 7 28 0.26666668
14 6 215797 6 41 0.15
15 9 419132 9 68 0.26666668
16 10 12333816 30 774 0.2
17 9 243012 9 44 0.21666667
18 6 198071 6 36 0.2
19 5 143614 5 31 0.26666668
20 8 2238067 8 29 0.15
21 7 1201457 7 41 0.23333333
22 6 872333 6 28 0.2
23 9 218312 9 37 0.18333334
24 0 15408746977 129 18327 0.31666666
25 7 66434 7 28 0.2
26 10 297824 10 66 0.21666667
27 45 3263029083 72 8616 0.36666667
28 32 133176214 64 2481 0.26666668
29 1 15985 1 6 0.13333334
30 6 2415054 6 45 0.15
31 5 1087351 5 33 0.15
32 14 722683 14 141 0.33333334
33 9 133672 9 34 0.26666668
34 16 429653 16 99 0.36666667
35 13 326517 13 58 0.28333333
36 32 111806354 59 2922 0.25
37 9 96369 9 42 0.23333333
38 8 176322 8 45 0.26666668
39 7 133558 7 41 0.15
40 100 4562029793 146 12216 0.46666667
