1 1 139114 1 4 0.083333336
2 2 234410 2 6 0.104166664
3 3 504736 3 19 0.052083332
4 2 348996 2 14 0.041666668
5 3 622925 3 23 0.09375
6 2 330945 2 14 0.041666668
7 5 950883 5 38 0.114583336
8 2 112366 2 7 0.0625
9 7 795560 9 37 0.15625
10 6 957659 6 45 0.13541667
11 7 690650 7 28 0.15625
12 6 1045045 6 20 0.083333336
13 3 679099 5 33 0.104166664
14 6 515602 6 23 0.104166664
15 9 1015911 9 43 0.104166664
16 4 879076 6 43 0.09375
17 9 599668 9 26 0.14583333
18 4 184326 4 12 0.083333336
19 31 46499554 31 899 0.072916664
20 6 82357 6 23 0.104166664
22 2 72328 2 14 0.041666668
23 5 105031 5 30 0.114583336
24 8 80214 8 26 0.125
25 7 404040 9 71 0.14583333
26 2 64728 4 30 0.072916664
27 11 225021 11 78 0.13541667
28 2 17230 2 7 0.0625
30 20 462307 20 106 0.19791667
31 7 208306 7 22 0.09375
33 41 21561262 65 1149 0.25
34 40 1570303 40 288 0.1875
35 19 707270 23 172 0.1875
36 12 223324 12 79 0.09375
37 43 11422002 43 898 0.13541667
38 6 100369 6 24 0.052083332
39 13 219635 15 62 0.20833333
40 14 177449 14 56 0.13541667
41 11 4088968 37 326 0.083333336
42 24 689056 24 155 0.20833333
43 19 495560 21 110 0.19791667
45 37 32033611 61 1289 0.16666667
48 74 78752681 81 2388 0.13541667
50 64 20174173 64 1351 0.25
51 37 23816012 37 905 0.1875
52 8 85646 8 29 0.13541667
53 59 96849575 66 2103 0.22916667
54 14 196862 16 77 0.13541667
55 39 1864620 39 328 0.1875
56 70 25452291 70 1231 0.17708333
57 45 3897144 45 483 0.16666667
58 54 58220451 61 2163 0.1875
59 147 1159855288 147 7128 0.23958333
60 66 13051279 66 807 0.29166666
61 43 1978907 43 278 0.14583333
62 10 267543 10 59 0.17708333
64 68 18853743 68 1118 0.25
65 41 4300343 41 485 0.15625
66 42 15332079 42 987 0.15625
67 17 732612 17 93 0.16666667
69 43 3634810 43 481 0.1875
70 86 59534213 86 2103 0.28125
