1 1 148645 1 4 0.083333336
2 2 716574 2 14 0.041666668
3 1 70460 1 4 0.083333336
4 2 709686 4 30 0.072916664
5 3 857746 5 34 0.0625
6 4 246271 4 12 0.125
7 3 272008 3 14 0.052083332
8 2 510149 4 30 0.072916664
9 3 215442 3 14 0.052083332
10 6 504024 6 20 0.0625
11 5 344192 7 39 0.083333336
12 8 326198 8 29 0.14583333
13 5 121438 5 19 0.072916664
14 8 163585 8 24 0.15625
15 7 170397 7 27 0.14583333
16 4 76559 4 17 0.083333336
17 9 347646 9 60 0.21875
18 2 143600 4 30 0.072916664
19 11 221942 11 39 0.14583333
20 10 1030449 10 32 0.15625
21 7 2050050 7 25 0.072916664
22 10 304153 10 31 0.104166664
23 9 187620 9 29 0.27083334
24 14 288543 14 53 0.16666667
25 7 108668 7 21 0.13541667
26 12 206080 12 34 0.16666667
27 9 81448 9 28 0.22916667
28 4 29867 4 12 0.083333336
29 9 70513 9 27 0.14583333
30 4 1014344 6 34 0.072916664
31 15 1181452 15 85 0.19791667
32 8 286012 10 52 0.125
33 0 20679839521 133 19516 0.29166666
34 0 19669958515 163 19284 0.26041666
35 55 12618234 55 736 0.14583333
36 12 63900 12 33 0.17708333
37 0 13900726372 160 18742 0.17708333
38 16 398093 16 88 0.20833333
39 7 45654 7 25 0.114583336
40 0 15937349547 117 19202 0.114583336
